10000010 #LDI
00000001 #R1
01001101 #77
01001000 #PRA
00000001 #R1
10000010 
00000001
01101001 
01001000 
00000001 
10000010 
00000001
01101110
01001000
00000001
10000010
00000001
01100101
01001000
00000001
10000010
00000001
00100000
01001000
00000001
10000010
00000001
01111001
01001000
00000001
10000010
00000001
01101111
01001000
00000001
10000010
00000001
01110101
01001000
00000001
10000010
00000001
01110010
01001000
00000001
10000010
00000001
00100000
01001000
00000001
10000010
00000001
01100011
01001000
00000001
10000010
00000001
01101111
01001000
00000001
10000010
00000001
01101001
01001000
00000001
10000010
00000001
01101110
01001000
00000001
10000010
00000001
00100000
01001000
00000001
10000010
00000001
01101001
01001000
00000001
10000010
00000001
01101110
01001000
00000001
10000010
00000001
00100000
01001000
00000001
10000010
00000001
01110010
01001000
00000001
10000010
00000001
01101111
01001000
00000001
10000010
00000001
01101111
01001000
00000001
10000010
00000001
01101101
01001000
00000001
10000010
00000001
00100000
01001000
00000001
10000010
00000001
00110001
01001000
00000001
10000010
00000001
00110111
01001000
00000001
10000010
00000001
00111000
01001000
00000001
00000001